1 0.5324519230769231 0.4987980769230769 0.9182692307692307 0.9711538461538461
0 0.3245192307692308 0.8245192307692307 0.11538461538461539 0.07692307692307693
0 0.4495192307692308 0.828125 0.10096153846153846 0.09615384615384616
0 0.4182692307692308 0.7920673076923077 0.10336538461538461 0.0673076923076923
0 0.2403846153846154 0.8040865384615384 0.13701923076923078 0.11057692307692307
0 0.44591346153846156 0.7463942307692307 0.07211538461538461 0.038461538461538464
0 0.3269230769230769 0.7331730769230769 0.15384615384615385 0.057692307692307696
0 0.15865384615384615 0.6358173076923077 0.07692307692307693 0.08173076923076923
0 0.20072115384615385 0.7007211538461539 0.07932692307692307 0.057692307692307696
0 0.27163461538461536 0.6646634615384616 0.1466346153846154 0.08653846153846154
0 0.3942307692307692 0.6899038461538461 0.08413461538461539 0.07451923076923077
0 0.45913461538461536 0.6899038461538461 0.08173076923076923 0.09615384615384616
0 0.47836538461538464 0.6670673076923077 0.04807692307692308 0.038461538461538464
0 0.48677884615384615 0.5985576923076923 0.06009615384615385 0.038461538461538464
0 0.39783653846153844 0.6105769230769231 0.052884615384615384 0.057692307692307696
0 0.44350961538461536 0.5853365384615384 0.08173076923076923 0.08413461538461539
0 0.38341346153846156 0.5432692307692307 0.08653846153846154 0.06971153846153846
0 0.34975961538461536 0.6177884615384616 0.052884615384615384 0.06490384615384616
0 0.3161057692307692 0.5697115384615384 0.07692307692307693 0.07692307692307693
0 0.27403846153846156 0.6141826923076923 0.0673076923076923 0.06009615384615385
0 0.24759615384615385 0.5348557692307693 0.15384615384615385 0.0625
0 0.22956730769230768 0.5865384615384616 0.10096153846153846 0.08173076923076923
0 0.14302884615384615 0.5745192307692307 0.036057692307692304 0.10096153846153846