1 0.4987980769230769 0.4675480769230769 0.9711538461538461 0.9182692307692307
0 0.8245192307692307 0.6754807692307693 0.07692307692307693 0.11538461538461539
0 0.828125 0.5504807692307693 0.09615384615384616 0.10096153846153846
0 0.7920673076923077 0.5817307692307693 0.0673076923076923 0.10336538461538461
0 0.8040865384615384 0.7596153846153846 0.11057692307692307 0.13701923076923078
0 0.7463942307692307 0.5540865384615384 0.038461538461538464 0.07211538461538461
0 0.7331730769230769 0.6730769230769231 0.057692307692307696 0.15384615384615385
0 0.6358173076923077 0.8413461538461539 0.07932692307692307 0.07692307692307693
0 0.7007211538461539 0.7992788461538461 0.057692307692307696 0.07932692307692307
0 0.6646634615384616 0.7283653846153846 0.08653846153846154 0.1466346153846154
0 0.6899038461538461 0.6057692307692307 0.07451923076923077 0.08413461538461539
0 0.6899038461538461 0.5408653846153846 0.09615384615384616 0.08173076923076923
0 0.6670673076923077 0.5216346153846154 0.038461538461538464 0.04807692307692308
0 0.5985576923076923 0.5132211538461539 0.038461538461538464 0.06009615384615385
0 0.6105769230769231 0.6021634615384616 0.057692307692307696 0.052884615384615384
0 0.5853365384615384 0.5564903846153846 0.08413461538461539 0.08173076923076923
0 0.5432692307692307 0.6165865384615384 0.06971153846153846 0.08653846153846154
0 0.6177884615384616 0.6502403846153846 0.06490384615384616 0.052884615384615384
0 0.5697115384615384 0.6838942307692307 0.07692307692307693 0.07692307692307693
0 0.6141826923076923 0.7259615384615384 0.06009615384615385 0.0673076923076923
0 0.5348557692307693 0.7524038461538461 0.0625 0.15384615384615385
0 0.5865384615384616 0.7704326923076923 0.08173076923076923 0.10096153846153846
0 0.5745192307692307 0.8569711538461539 0.10096153846153846 0.036057692307692304