1 0.5324519230769231 0.5012019230769231 0.9182692307692307 0.9711538461538461
0 0.3245192307692308 0.17548076923076922 0.11538461538461539 0.07692307692307693
0 0.4495192307692308 0.171875 0.10096153846153846 0.09615384615384616
0 0.4182692307692308 0.20793269230769232 0.10336538461538461 0.0673076923076923
0 0.2403846153846154 0.19591346153846154 0.13701923076923078 0.11057692307692307
0 0.44591346153846156 0.2536057692307692 0.07211538461538461 0.038461538461538464
0 0.3269230769230769 0.2668269230769231 0.15384615384615385 0.057692307692307696
0 0.15865384615384615 0.3641826923076923 0.07692307692307693 0.08173076923076923
0 0.20072115384615385 0.29927884615384615 0.07932692307692307 0.057692307692307696
0 0.27163461538461536 0.33533653846153844 0.1466346153846154 0.08653846153846154
0 0.3942307692307692 0.31009615384615385 0.08413461538461539 0.07451923076923077
0 0.45913461538461536 0.31009615384615385 0.08173076923076923 0.09615384615384616
0 0.47836538461538464 0.3329326923076923 0.04807692307692308 0.038461538461538464
0 0.48677884615384615 0.4014423076923077 0.06009615384615385 0.038461538461538464
0 0.39783653846153844 0.3894230769230769 0.052884615384615384 0.057692307692307696
0 0.44350961538461536 0.41466346153846156 0.08173076923076923 0.08413461538461539
0 0.38341346153846156 0.4567307692307692 0.08653846153846154 0.06971153846153846
0 0.34975961538461536 0.38221153846153844 0.052884615384615384 0.06490384615384616
0 0.3161057692307692 0.43028846153846156 0.07692307692307693 0.07692307692307693
0 0.27403846153846156 0.3858173076923077 0.0673076923076923 0.06009615384615385
0 0.24759615384615385 0.4651442307692308 0.15384615384615385 0.0625
0 0.22956730769230768 0.41346153846153844 0.10096153846153846 0.08173076923076923
0 0.14302884615384615 0.4254807692307692 0.036057692307692304 0.10096153846153846